## ListNet
## Epochs = 1500
## No. of features = 46
1 2 3 4 5 6 7 8 9 10 11 12 13 14 15 16 17 18 19 20 21 22 23 24 25 26 27 28 29 30 31 32 33 34 35 36 37 38 39 40 41 42 43 44 45 46
0
0 0 0.0817043601853905
0 1 0.12452287251882938
0 2 0.018791376816834304
0 3 -0.020022796317050118
0 4 0.14352171095133928
0 5 -0.039802372455596924
0 6 -0.01464221440255642
0 7 -0.04516029357910156
0 8 0.09928882867097855
0 9 -9.41717647947371E-4
0 10 0.14981370858883164
0 11 0.19051889503883002
0 12 0.19806442945501937
0 13 0.054264325120189874
0 14 0.16924297833565702
0 15 -0.03979467329463331
0 16 0.040392889310802337
0 17 -0.06710106722956155
0 18 -0.03368399147296084
0 19 0.06263538940715795
0 20 0.14179763584014266
0 21 0.266495621413661
0 22 0.20910904405314
0 23 0.20331198165156872
0 24 0.05053199616203881
0 25 0.15861918956668336
0 26 0.026541462282842754
0 27 0.12750802534183134
0 28 0.19643416046629364
0 29 0.09746893420920728
0 30 0.17350128349005126
0 31 0.1490339461347412
0 32 0.12539070490054063
0 33 0.08368838003364489
0 34 -0.012841689372440223
0 35 -0.061272203764740386
0 36 0.28088908002498775
0 37 0.21033777131261308
0 38 0.2542823052516556
0 39 0.24094966241034693
0 40 -0.12559469510894142
0 41 0.011529292353103125
0 42 0.0335303470492363
0 43 0.06981034764110206
0 44 0.031297641903226266
0 45 -0.005492193109420957
0 46 0.09987594932317734
