## RankNet
## Epochs = 100
## No. of features = 46
## No. of hidden layers = 1
## Layer 1: 10 neurons
1 2 3 4 5 6 7 8 9 10 11 12 13 14 15 16 17 18 19 20 21 22 23 24 25 26 27 28 29 30 31 32 33 34 35 36 37 38 39 40 41 42 43 44 45 46
1
10
0 0 0.08321341855035887 -0.09031307669856432 -0.09336434207209532 0.011242506084796938 -0.0402718679259652 0.010135760125531225 -0.04652047535191382 0.06696930768619667 0.07965107409441005 0.07345110444313807
0 1 -0.016615003367480518 -0.08759787811568077 0.01300719891136227 -0.02272099295033915 0.05535066038117039 0.0979670670364687 0.06853278266843081 -0.05889670487008409 0.13322693162034177 0.02065013067578491
0 2 0.15629882126411654 -0.08883689081920901 -0.0458812898835643 -0.05365742785902629 0.023180745655884724 0.04323956029663894 0.020416506791114335 -0.01630390949976545 -0.003087304747675134 -0.11363700557928177
0 3 0.06333646912751882 -0.03426128444345682 0.07494591568176082 0.043277752634898886 -0.03000182129238548 0.05818334263243945 0.04975526398214826 -0.03737158338405619 0.019913908890774275 -0.05444509893923324
0 4 0.01764304497648155 -0.029149497394361342 -0.14441675297686035 0.07151622042819311 0.12056534541301006 -0.017552534734835645 0.08421987041993215 -0.023387264141373647 -0.008870914808020547 -0.09420173685192766
0 5 -0.05648203566670418 -0.037647563964128494 0.001167899346910417 -0.07072111964225769 -0.04615755006670952 -0.020793015137314796 -0.05564400553703308 -0.0031188069842755795 -0.018589520826935768 0.07308103889226913
0 6 0.0482834167778492 0.008632063865661621 -0.07042821496725082 -0.042454153299331665 -0.004616981837898493 -0.053477488458156586 0.08145976811647415 -0.08532704412937164 -0.022064387798309326 0.010784899815917015
0 7 0.09559518098831177 -0.09600620716810226 0.01705569587647915 -0.03337770700454712 -0.024411529302597046 0.037733644247055054 1.4492272748611867E-4 0.025133252143859863 -0.06608287990093231 -0.0873570665717125
0 8 -0.06594719737768173 0.017310280352830887 0.061932992190122604 0.04205507040023804 0.05943828076124191 0.050469279289245605 -0.057861439883708954 0.013596350327134132 -0.020487099885940552 -0.04747453331947327
0 9 0.09853912889957428 0.05328784137964249 -0.014449131675064564 -0.03855503350496292 -0.05853905528783798 0.009067523293197155 -0.0282303337007761 0.06551476567983627 -0.006462293677031994 -0.015123361721634865
0 10 0.07224430386911782 0.033184853089028146 -0.04312508963727944 0.037248104906595074 -0.022043344642873573 -0.03132690897553662 0.06509586657548995 0.004026799573995614 0.04252900249849871 -0.11010920168925488
0 11 0.13745420466327166 -0.0874352950052337 -0.10535862936301917 -0.08084278454492573 0.061515278623686456 0.029175275497600957 -0.07818538396337257 -0.0023335649643497075 0.052785116526111425 -0.12433924420600831
0 12 -0.0012215997774052247 -0.12152506924236625 -0.055856920548479225 0.009874342854046134 -0.013349969973797258 -0.03516322945642706 -0.06001740709940191 0.10274151718159334 0.09492422484910132 -0.015887318007896934
0 13 0.10535243958544481 -0.0852840639220811 -0.022260792205951757 0.04508453417250457 -0.03729862652917929 0.002822355630002472 0.07300274961642692 -0.0618561579946839 -0.0276058008228068 -0.08653070387703318
0 14 -0.013497006671764539 0.024123189959082254 0.0308579613917958 -0.09527373685308876 0.10611552730913598 0.04119580203139556 0.06449143351093103 0.022402355929684203 -0.03772275099007887 -0.0979222390577135
0 15 0.017076317491711693 -0.09333404210328186 -0.07342921857557537 -0.06310851497367358 0.07565786053474051 -0.007747639605564573 -0.08375441345255732 -0.06424322913394324 0.10556745209573445 -0.02053499577551101
0 16 0.05558289490485726 -0.027347220092216996 -0.06315063684431436 -0.010131501073566111 0.09801867529388526 -0.06517739316133993 0.06188009434948889 -0.06197941250000237 0.010478723380805719 -0.018564165372169587
0 17 0.0612957532736525 0.06890223030994518 0.0017246113475811952 -0.03862338499882958 0.08095781724065751 0.044637008734229676 -0.022124698622128323 -0.0782541573495044 -0.03972196263579647 -0.014439612987306122
0 18 -0.017461942183883583 -0.05677268449498808 0.05279569890163286 0.10852242238582202 0.009477048259810827 -0.09174564115316426 0.051035325318003096 0.03149670295028177 -0.04850509917976814 0.03927422183087057
0 19 0.005169125464197377 0.028398598887153178 0.06490453850294843 0.045189646593401356 0.04532225280541753 -0.08793489835272335 0.04992642396839494 0.019125482589690705 -0.0677722866150431 -0.055326796814497585
0 20 0.1496825333432246 -0.049834697516268046 -0.2316778423240653 -0.14039245972278908 0.15249487454563007 0.19177298752451752 -0.14066963919866224 0.06285944761025715 0.14641333907340073 -0.06271480584503042
0 21 0.08749566359450071 -0.1047020575871106 -0.2010009948011778 -0.13320229948283252 0.0667620413611041 0.08623098490283856 -0.14311914670387962 0.04365555697336407 0.1983284632906164 -0.0065553254480188155
0 22 0.13815580787275641 -0.18892677808367012 -0.2582817200250606 -0.03592950698074717 0.16485434005623356 0.19687051755083837 -0.10764942354518484 0.15480351515962507 0.07716515425990084 -0.04588062101591186
0 23 0.2326087624157256 -0.08492541640285128 -0.35156830061149935 -0.12620340843468228 0.06371316958916382 0.03371138941327506 0.026278845183101158 0.022243086509293266 0.2113946139901487 -0.1549342588329544
0 24 0.10143879182709029 0.0021914403596968285 -0.1891204855053956 0.05584054858743947 0.031923390387758786 0.09585692212378039 0.015853094361516402 -0.005672548259164328 -0.03629589709841761 0.02711065239999767
0 25 0.10148180240543417 -0.08712525495566016 -0.009135199352926416 -0.032303152955377334 0.1225927577720473 0.030327346099807216 0.013733887945291285 0.018344318436164287 -0.03747930642513681 -0.050677184487913376
0 26 0.08354760066106212 0.01318161737057131 -0.18221358421396605 -0.09979196984662664 0.07762634239542042 0.05884608675181985 -0.07202464160689473 0.10912880665988606 0.04016868309840413 0.02174755161633146
0 27 0.04546825472289957 -0.08937049515625708 -0.179006084253695 -0.053886443710978865 0.03378347250520313 0.11853072226372223 -0.019697255723438202 -0.0010121729512806174 0.02788016851638269 -0.01328304025313027
0 28 -0.029595669575217812 -0.03906170611578911 -0.04493358764086387 0.03586194247571567 3.313433429532019E-4 0.12326633973483744 0.04166483257371421 -0.05540546614766185 0.11731315937479948 -0.0027860094607691684
0 29 0.04936688899234459 -0.09422426685622524 -0.20871839882129029 -0.025120414668580154 -0.009483120107244801 0.09602305552531516 0.013065642825975872 -0.03831749308869275 0.05885735519928238 -0.018327793983066477
0 30 0.10775572102845936 0.045245396502217844 -0.15827728727348186 -0.021327087590731215 0.038757676114303974 0.10355669757869947 0.0028319122878573723 -0.007919969805676795 0.09394909864769617 -0.06922865877012242
0 31 0.04437947409346454 -0.0014475131590894906 -0.12692346683897288 0.00416517442976698 0.1028036721186522 -0.010464405789068801 -0.033298170866323695 -0.03907216959979078 0.03228736203547721 -0.07072083895893204
0 32 0.013866568314108148 0.03396176949500435 -0.07837375566389278 -0.06727433117934477 -0.0325262490858853 0.062374015780624306 -0.10962853235506438 -0.07650742949891337 0.029867908973030096 0.07354380217780233
0 33 -0.07387098552887804 -0.05867100381267062 -0.11329344781562098 -0.06250559859447055 -0.02833825393440879 0.08116355611044246 -0.1041504928656529 0.04903075259790443 0.05483934540908244 -0.04529735185243328
0 34 0.050982523628822086 -0.048835513279714554 -0.02741099836193428 0.03501050410606324 0.10180841529355314 0.015297041053583486 -0.0247191429281326 0.004204773406173585 0.03833768444562503 0.0687662678551826
0 35 -0.012462472196806788 0.08288982766382423 -0.04679952366378832 0.0751022169095274 0.10325022470761529 0.06849619015101577 0.015909364099929307 -0.042201126667494045 0.08371242744978741 -0.06814563423499609
0 36 0.20047718154739874 -0.10218992453862494 -0.3289677050130523 -0.16376904634585257 0.19591995893863165 0.0871896104896185 -0.004401159658405296 0.023322436267504805 0.1703367387683177 -0.15425175808804695
0 37 0.094916388238612 -0.14829868047309025 -0.28929963029204153 -0.05065182537294694 0.14970254390358065 0.1870612048619235 -0.027721591585145918 0.0965038656539255 0.03533498767539074 -0.07124558405510346
0 38 0.18306344922911214 -0.12322287711306516 -0.3116473371723882 -0.0017987824413122193 0.04460054632495455 0.21114717184404297 -0.11090685575534462 0.08661871421723163 0.18816675288999873 -0.17678650013897648
0 39 0.22154806048852546 -0.08952811680470267 -0.1818283447789853 -0.1348516980706611 0.06655355137010945 0.18302706371868377 -0.018556743076767614 0.17102235829406018 0.08926535377500913 -0.029720685521543413
0 40 0.03723871742556524 -0.03944734644004923 0.11058553550485047 0.04952473014821895 -0.06976628355806665 -0.11798298889530519 -0.04732185285631946 0.03641646571498295 -0.11090393715933691 -0.05233396307601381
0 41 -0.06066365182515206 -0.06882071204263464 0.02420537616598625 -0.0016042700424514895 0.06271513814707089 0.023326421045703705 -0.038221950103051364 0.013112024520496823 -0.05481619335105626 -0.009399881237351727
0 42 0.01454861182719469 -0.015906285494565964 0.018593769520521164 -0.04636182636022568 0.06051812320947647 -0.068980872631073 0.0704694539308548 -0.04324320703744888 -0.016931235790252686 -0.07320048660039902
0 43 -0.06807721095619182 -0.03704666652203624 -0.037807051148148516 0.02056171912725593 -0.07834060946034731 -0.03959759976059946 -0.024038532480193612 0.07350552193174849 0.05580680494162229 0.08051245158945346
0 44 0.06715551628141551 0.07806113153859191 -0.05227766784921894 0.09619429454395663 0.09128913045138505 -0.051210820793204354 0.001166106858152495 -0.012249472975777616 0.018188336789077084 -0.03167008694582745
0 45 0.04339316932625816 -0.004162122523291719 -0.08030141975970978 0.09295433973312303 0.0853544343325311 -0.06243924875717829 0.09589674540767823 0.008988523991318463 0.08245086729699591 -0.08636110682740511
0 46 -0.10416858614986667 0.08622157277991489 -0.06952133076063428 -0.04549681388238366 -0.10774674070396463 0.05629308288113252 0.010757471646933286 -0.06559442949061275 0.0532703527248026 0.00998995897722209 0.006379230127014432
1 0 0.5003958591251594
1 1 -0.3624190814804283
1 2 -0.7808687726363466
1 3 -0.29739218012918583
1 4 0.35118518732304793
1 5 0.4535507320773573
1 6 -0.203435026397479
1 7 0.20045137416223024
1 8 0.4334131919796163
1 9 -0.30609285454290774
